1
2
3
4
5
6
8
9
10
11
12
13
14
15
16
17
18
19
20
21
22
23
24
25
26
27
28
29
30
31
32
33
34
36
37
38
39
40
41
42
43
44
45
46
47
48
50
51
52
53
54
55
57
58
59
60
61
62
64
65
66
67
68
69
71
72
73
74
75
76
77
78
79
80
87
90
94
127
128
129
130
131
132
133
134
135
136
137
140
141
142
145
146
147
148
149
150
151
152
153
154
155
156
157
167
168
169
170
171
172
173
174
175
200
201
202
208
210
211
213
214
227
228
235
339
340
380
381
382
394
396
398
417
420
421
471
473
476
479
482
491
493
502
521
527
535
542
553
648
650
651
680
763
764
765
766
767
768
769
770
771
772
773
774
775
776
777
778
779
780
781
782
783
803
895
900
908
974
989
990
999
1003
1004
1023
1028
1036
1042
1044
1049
1055
1062
1064
1077
1078
1087
1096
1101
1104
1107
1113
1115
1118
1121
1123
1124
1127
1130
1133
1139
1145
1149
1153
1156
1161
1167
1179
1182
1183
1189
1190
1194
1199
1200
1213
1214
1220
1276
1284
1295
1309
1323
1336
1340
1357
1401
1403
1457
1497
1609
1633
1637
1638
1640
1642
1648
1649
1650
1653
1676
1677
1693
1730
1756
1772
1779
1793
1803
1813
1837
1850
1870
1904
2086
2231
2238
2275
2297
2316
2375
2466
2489
3172
3174
3175
3468
3568
4229
4245
4471
4474
